2377729 2377725 2377718 2377700 2377702 2377723 2377716 2377722 2377683 2377736 2377703 2377686 2377713 2377712 2377679 2377657 2377659 2377720 2377701 2377742 
2195710 2195682 2195703 2195709 2195690 2195814 2195707 2195702 2195743 2195686 2195701 2195678 2195739 2195840 2195679 2195744 2195683 2195760 2195706 2195761 2195646 2195602 2264100 2195751 2195810 2195704 2195609 2195689 2195836 
2346736 2346676 2346535 2346549 2346724 2346737 2350856 2346734 2346662 2346548 2346537 2346678 2346693 2346547 2346513 2346755 2350343 2346523 2346550 2346723 2346538 2346719 2346721 2346520 2346732 2346660 2346536 2346730 2346695 2346794 2346545 2346735 2346707 2346697 2350803 2346790 2346534 2346533 2346692 2346705 2350801 2346711 2346709 2346814 2346717 2350787 2346818 
2353415 2353420 2353382 2353619 2353403 2353381 2353425 2353421 2353628 2353632 2353555 2357330 
2354678 2354703 2354716 2354715 
2200171 2200142 2200852 2200764 2199960 2200117 2200123 2199951 2200753 2200912 2201716 2199958 2200139 2200859 2199914 2199944 2199956 2200146 2201715 2200776 2199917 2199954 2201710 2200866 2199970 2200174 2200845 2200136 2200861 2201714 2201712 2199968 2199962 2200144 2200858 2200774 2199961 2200119 2200133 2199953 2200762 2201709 2199959 2200140 2200860 2199915 2199946 2199957 2200165 2200844 2199922 2199955 2201711 2200868 2200072 2200850 2200137 2201724 2201886 2202948 2202942 2200864 2201723 2201882 2202941 2201885 2201721 2201722 2202943 2201881 2201713 2199969 2201890 2202937 2199967 2202940 2201894 
2195977 2195948 2195976 2196130 2195982 2195903 2195894 2195953 2195952 2196042 2195946 2195926 2195978 2197021 2197026 2195919 2196048 2196085 2196135 2195904 2196088 2196129 2196049 2196041 2195979 2195954 2196098 2195899 2195951 2196086 2195975 2195964 2195961 2195962 
2310102 2310100 2310099 2310061 2310101 2311559 2310056 2310039 2308420 2310104 2310116 2309628 2310040 2309613 2310065 2310057 
2310368 2310356 2310364 2310361 2310444 2310347 2310136 2311570 2310282 2310132 2310137 2310122 2310117 2310439 2310296 2311567 2310135 2311563 2310452 2310108 2311562 2310357 2310358 2311566 2310106 2310109 2311571 
2783489 2783516 2783484 2782653 2782626 2782642 2783463 2783495 2783473 2783488 2783468 2783496 2783482 2782595 2782630 2783479 2783499 2782636 2782552 2782607 2782615 2783481 2782617 2783483 2783475 2783469 2783472 2783486 2783492 2783511 2783471 2782619 2783507 2783485 2782640 2783515 2783487 2783467 2782609 2782629 2782649 2783505 2783503 2782643 2782644 2782651 2782597 2782634 2783480 2782638 2782553 2782608 2782616 2782618 2783506 2783504 2782620 2782641 2782614 
2754371 2754301 2754303 2754466 2754348 2754288 2754357 2754300 2754298 2754287 2754277 2754305 2754290 2754310 2750515 2754379 2754270 2750519 2754278 2754429 2754304 2750529 2754365 2754279 2754286 2754356 2754271 2754350 2754351 2754291 2754306 2754276 2754358 2754366 2754373 2754364 2750520 2754302 2754308 2754349 
1838268 1837687 1837846 1837597 1838287 1838266 1837468 1838280 1837686 1837606 1837840 1837617 1837624 1837842 1837844 1838263 1837615 1838274 1838260 1837862 1837623 1837594 1837605 1838257 1837619 1838276 1838365 1838262 1837603 1838264 1838265 1838351 1837692 1838350 1837843 1838278 1838277 1837621 1838210 1838270 1838289 1838258 1837598 1837593 1838288 1838255 1837596 1837604 1837629 1837625 1837627 1837628 
1413511 1413093 1412986 1410427 1413527 1413401 1413505 1412990 1413513 1413083 1413529 1413099 1413328 1412984 1413000 1413097 1413534 1413081 1413402 1413503 1413467 1413431 
2389458 2389480 2389484 2389464 2389481 
2338115 2337963 2337932 2335914 1269746 2337946 2338100 2337938 2335928 1270014 2337943 2335926 2337936 2337944 2337945 2337965 2338086 
353216 278384 278352 278512 278435 278502 278356 353217 278514 278504 353267 278404 278540 353283 278476 278478 353281 278529 278537 353280 278538 278462 278525 
753339 753295 753332 753283 753289 755324 753291 755321 755323 753340 753341 753345 753330 753342 753294 753344 755225 753859 753854 753336 753857 753292 753328 753333 753338 753293 753855 753343 753334 755224 753331 753335 753285 753858 753856 
745477 745478 745392 745394 748178 745383 745393 745327 745386 745473 748310 748302 748305 748303 745326 745381 
727774 728694 728927 727562 727556 727561 727773 727859 727771 727587 727558 
353626 278847 278850 278849 353625 278840 353645 278839 353771 278826 353634 353627 278836 353631 353636 278845 278851 353629 278848 353772 353775 353642 278835 278814 353639 353646 278859 278857 278854 278852 
2054651 2054601 2054579 2054586 2054605 2054655 2054648 2059053 2054600 2059051 2054658 2054604 2054588 2054602 2054589 2054654 2054587 2054603 2059080 2054659 2059055 2059093 2054583 2059082 2054607 2054631 2054647 2054606 
2054582 2054406 2054577 2054576 2054574 2054578 2054407 2054392 2054396 2054395 2054619 2054397 2054399 2054575 
2089749 
2384437 2383527 2383531 2384426 2384440 2384421 2383549 2383524 2383530 2383448 2383453 2383545 2383525 2383451 
512233 512269 
2350633 
1405313 1404866 1404870 1404834 1404861 1405302 1405364 1404858 1404830 1405317 1404909 1404748 1404828 1404744 1404703 1405316 1404700 1404913 1405357 1404889 1405053 1404837 1404915 1404746 1405361 1404698 1404868 1405310 1404591 1404695 1404638 1404895 1405362 1404872 1404891 1405363 1405311 1405359 1404893 1405312 1404867 1405314 1405306 1404742 1405315 1404840 1404871 1404836 1404865 1405303 1404860 1404832 1404910 1404749 1404829 1404745 1404705 1404701 1405360 1404914 1404911 1405358 1404890 1405055 1404838 1405049 1404747 1404699 1404869 1404592 1404697 1404693 1404908 1404888 1404892 1404894 1405307 1404743 1404857 1404912 
2162994 2162998 2163008 2163043 2162974 2163037 2163012 2162995 2162971 2162997 2162980 2162973 2163042 2163007 2163013 2162979 2162993 2162978 2163011 2162621 2162626 2162972 2162975 2162976 2162622 2163035 2163033 2163032 2162991 2162992 2162981 2162982 
245147 244976 244970 245146 245123 245124 244968 244408 244282 244975 245181 245177 244969 245122 245178 244283 245125 245143 245130 245142 245131 
1309594 1309839 1309732 
1687580 1687136 1687532 1687151 1683527 
335569 335503 335424 335362 335299 332068 335425 335297 332067 335432 332371 335720 331282 331614 331283 331687 335277 335434 335665 335422 335666 
26534 
355026 355022 355030 354985 355042 355040 354975 355036 355076 354972 355020 354921 355046 354937 354913 355075 354962 354986 354933 355028 355045 354979 355044 354980 354977 355054 354929 355024 355038 355043 355056 354998 354976 354974 354927 354949 354917 355085 355106 355108 355618 355572 355092 355081 355564 355087 355620 355083 355568 355089 354971 355624 355077 355571 354935 354978 354931 
2132541 2131903 2132283 2131889 2131759 2132552 2132520 2131891 2132554 2132524 2131747 2131890 2131745 2132294 2132525 2132570 2132292 2132556 2131894 2131886 2132538 2132539 2131906 2131761 2132284 2132293 2132536 2132540 2132518 2131895 2132534 2132523 2131888 2131887 2131902 2132550 2132522 2131899 2131898 2131896 2131897 
852741 852770 852702 852689 852431 852807 852771 852422 852242 852432 852535 852243 852692 852703 852701 852744 852244 852241 852532 852428 852430 852772 852693 
668406 668184 668113 668204 668155 668431 668250 670029 668108 668564 668179 668429 668117 668231 668234 670027 668077 667995 668634 668216 668239 668213 668207 670023 668148 668153 668104 667998 668408 668266 668189 668222 670024 668433 668258 668111 668225 668260 668209 668407 668012 668427 668402 668186 668116 668205 668159 668432 668251 668110 668620 668181 668430 668147 668232 668238 668227 670014 668103 667997 668217 668244 668215 668208 668151 668154 668176 668160 668105 668172 668169 668011 668422 668382 668191 668224 668434 668259 668112 668226 668261 668212 668075 668428 668404 668230 668177 668166 668173 668171 
905035 904897 
811631 811624 811623 811618 811630 811604 811621 811540 811524 811602 811614 811651 913856 913664 811615 811603 
809214 809206 809213 808300 808304 809237 809217 809211 808293 809205 808153 808297 806521 808287 809225 809219 806520 809216 809210 806518 806519 809226 805410 809224 809207 809235 
1048017 
1420402 1421546 1419945 1420410 
1242547 1242609 1049416 1049415 1242622 1242549 1242611 
1047745 1047740 1047720 1047722 1047747 1047746 1047721 1047729 1047741 1047744 
2740038 2739967 2739963 2754677 2740024 2739994 2754679 2739992 2740026 2740036 2739990 2740041 2739987 2740042 2754676 2739991 2740059 2754678 2740030 2740039 2740027 2739988 2740028 2740029 2754683 2739993 2739965 2754680 
2743504 2665941 2743537 2743508 2743534 2665900 2665878 2665919 2665904 2665940 2665915 2665893 2743541 
2745845 2745492 2745632 2745835 2745797 2745843 2745537 2745798 
2790841 2790922 
2740135 2739627 2739655 2739408 2739625 2739653 2736068 2739416 2739621 2739414 2736063 2736013 2739647 2736028 2739649 2736025 2736012 2736434 
2343489 2188196 2188114 2346316 2188654 2346314 2188652 2188582 2188643 2188657 2188195 2188586 
2187815 2187382 2186547 2186549 2186556 2187018 2187384 2187836 2187416 2186554 2187035 2187003 2187813 2186583 2186553 2187406 2187408 2186548 2187852 2187386 2187390 2186555 2187422 2187383 2187899 2187811 2187392 2187826 2187842 2187819 2187850 2187388 2187414 2187828 2186550 2187834 2187394 2187396 2187006 2187424 2187817 2187846 2187398 2187034 2187020 2187027 2187021 
2353301 2354559 2353299 2353287 2353352 2353438 2353330 2353298 2353437 2353332 2353331 2353499 
1943338 1943320 1943348 1943326 1942859 1943323 1943265 1943266 1943339 1943337 1943322 1943362 1943269 1943350 1943267 1942860 1943321 1943272 1943335 1943332 1943333 1943334 
1816355 1816217 1816056 1816255 1816416 1816215 1816372 1816238 1816044 1816030 1816221 1816160 1816018 1816370 1816244 1815531 1816022 1816247 1815784 1815789 1816396 1815777 1816261 1816219 1816132 1816375 1816395 1815775 1816224 1816140 1816048 1816359 1816259 1816251 1816234 1816226 1816232 1815523 1815794 1816257 1816277 1816368 1816391 1816230 1816393 1816358 1816218 1816129 1816256 1816216 1816374 1816239 1816046 1816032 1816222 1816214 1816020 1816371 1816246 1815774 1816024 1816392 1816250 1816242 1815788 1815793 1816379 1815782 1816264 1816220 1816138 1816378 1815776 1816225 1816151 1816054 1816362 1816260 1816254 1816235 1816229 1816233 1815525 1815840 1816258 1816354 1816369 1816231 1816243 
1614599 1461934 1461930 1462085 1461932 1614598 1461935 1462086 
2383099 2383088 2383095 2384727 2383127 2384728 2384694 2383038 2383120 2383092 2383040 2383091 2383063 2384730 2384689 2384701 2384724 2382906 2384722 2383067 2383089 2383042 2384699 2382849 2382882 2383062 2382901 2383117 2382913 2384720 2382851 2384708 2384719 
2326769 2326616 2326559 2326620 2326724 2326715 2326438 2326712 2326783 2326435 2326773 2326766 2326779 2326778 2326532 2326782 2326437 2326560 2326466 2326790 2326728 2326623 2326651 2326556 2326765 2326627 2326564 2326587 2326725 2326615 2326721 2326776 2326722 2326462 2326619 2326563 2326716 2326729 2326770 2326609 2326613 2326588 2326595 2326717 2326786 
277870 277692 277867 277866 277668 277688 276011 254672 276045 277695 276047 277689 276143 276144 277690 277865 277691 277667 
573827 573800 753257 573798 573735 573820 753282 573836 573819 573813 573810 753275 573808 573811 573826 573812 753260 573829 573721 573825 753281 573719 573712 573822 752975 573752 573717 573816 573742 573821 573737 573833 573814 573749 573739 573754 573806 573817 753274 573802 573834 573733 573801 573799 573736 573809 573815 753261 573731 573720 573714 573796 573791 573787 573789 573753 573718 573748 573738 573751 573740 573786 573807 573804 573734 573797 573795 573788 573790 
17133 15372 
23214 23305 23181 23129 23434 23125 23110 23188 23383 23126 23213 23646 23303 23255 23648 23186 23162 23154 23216 23150 23384 23161 23257 23356 23609 23217 23130 23157 23158 23376 23185 23112 
1050390 1048059 1047959 1047971 1050198 1050503 1050404 1047976 1050508 1050112 1050392 1048062 1050196 1050405 1050506 1048144 1048064 1048076 1047984 1050505 1048066 1048082 1048023 1048133 1047969 1048053 1048080 1048069 1048141 1050403 1047982 1050406 1048146 1050510 1048027 1050101 1048073 1047978 1050393 1048021 1048032 1048025 1050391 1048061 1047965 1047973 1050199 1047977 1050181 1048063 1050197 1050504 1048049 1048035 1048046 1048038 1048127 1048145 1048065 1048079 1048019 1048067 1048083 1048024 1048138 1047970 1048056 1048081 1048071 1048143 1047983 1050100 1048031 1050103 1048075 1047981 1048022 1048034 1048026 1048051 1048037 1048047 1048039 1048129 
257633 257607 257624 257601 257640 257551 257548 257742 278332 257636 257501 257507 278359 257521 278346 257734 257652 257518 278334 257545 257649 257610 257646 257688 257634 257530 257504 278348 278373 257533 257620 257630 257537 257608 257626 257603 257642 257552 257549 257744 278333 257637 257502 257515 278363 257527 278347 257736 257653 257519 278345 257546 257650 257618 257647 257690 257635 278467 257531 278445 278483 278553 340547 353234 340543 278377 278487 257505 278643 278471 340522 353211 278443 278357 278375 257535 257621 257631 257541 278659 340539 257609 257628 257606 257644 257553 257550 257638 257503 257516 257529 257654 257520 257547 257651 257619 257648 257698 278469 257532 278457 278485 278569 340693 353404 340546 278379 278489 257506 278657 278473 340535 353230 278444 257536 257622 257632 257543 340521 340542 
356241 342756 343138 342749 342754 356257 342661 342710 343139 342761 342752 342733 342759 343103 342740 342681 343110 342724 356259 342725 356135 356472 342760 342762 356137 342741 356465 342739 343134 356243 343207 342863 342758 342757 342722 342751 343135 342753 342747 342738 343109 
913660 913850 
1429683 1429612 1427720 1429705 1429670 1429744 1429608 1427769 1429619 1428291 1429651 1429696 1427816 1427785 1429668 1429625 1429636 1429681 1426838 1427703 1429622 1427738 1427708 1429703 1429643 1429628 1429674 1429728 1429679 1429616 1429736 1429684 1427717 1429692 1426863 1429739 1429676 1429685 1427777 1429666 1429663 1429712 1429688 1429614 1427733 1429706 1429672 1429746 1429609 1427771 1429620 1428292 1429653 1429699 1427818 1427792 1429669 1429626 1429719 1429659 1429638 1429682 1426840 1427704 1429623 1428296 1429605 1428326 1429600 1427739 1427710 1429704 1429645 1429629 1429675 1429735 1429680 1429617 1429738 1427718 1429695 1427697 1429740 1429678 1429686 1427778 1429667 1429664 1429714 1429691 1429615 1427734 1429610 1427776 1429621 1428295 1429654 1427824 1427793 1429627 1429720 1429660 1429642 1426845 1427705 1429624 1428311 1429606 1429597 1429603 1427765 1427712 1429646 1429635 1429618 1427719 1427702 1427779 1429662 1428318 1429607 1429599 1429604 
915051 915053 915052 914942 914927 915008 914938 915048 
804555 804505 804503 804516 804578 804558 804571 804554 804506 804556 804507 804504 805655 804579 805648 
805691 805684 806652 805690 805694 
805842 805848 804959 805887 805843 804767 805001 805844 804803 804801 805000 804974 805820 804977 804861 804792 804978 
811297 811275 811278 811280 811310 811291 811274 811191 811290 811192 811279 811289 811303 811264 811175 811177 811283 811287 811176 811302 811202 811182 811292 811293 811284 811304 811285 811263 811301 811294 811288 811183 811298 811276 811305 811197 811306 811265 811277 811286 811307 811273 811266 811272 811271 
2093176 2093306 2093137 2093333 2093076 2093090 2093147 2093291 2093286 2093145 2093404 2093295 2093301 2093129 2093174 2093123 2093339 2093087 2093140 2093402 2093400 2093329 2093298 2093335 2093120 2093331 2093143 2093134 2093177 2093307 2093172 2093170 2093166 2093168 2093138 2093334 2093077 2093091 2093148 2093294 2093287 2093146 2093405 2093297 2093303 2093130 2093175 2093125 2093399 2093088 2093141 2093403 2093401 2093462 2093330 2093470 2093299 2093493 2093459 2093466 2093618 2093622 2093616 2093648 2093457 2093628 2093624 2093468 2093464 2093406 2093336 2093121 2093332 2093144 2093135 2093173 2093171 2093620 2093167 2093169 2093139 2093086 2093092 2093133 2093126 2093089 2093142 2093463 2093471 2093615 2093460 2093467 2093619 2093623 2093617 2093653 2093458 2093647 2093627 2093469 2093465 2093456 2093122 2093136 2093621 
2200526 2200507 2201221 2200525 2200528 2200518 2200500 2201220 2200530 2200533 2200039 2200532 2200531 2200514 2201379 2200485 2201385 2200527 2200040 2200509 2199998 2200502 2201209 2200052 2200529 2200503 2200668 2200505 2201210 2200042 2200501 2200038 2200683 
2763043 2763103 2763120 2763118 2763055 2763105 
2790525 2790462 2790458 2790524 2790539 2790518 2790505 2790506 2790967 2790564 2790570 2790540 2790538 2790455 2790568 2778164 2790457 2790566 2778208 2790501 2778188 2790461 2790519 2790523 2790520 2790522 
1838355 1838269 1837690 1837864 1837626 1837616 1837732 1838256 1837865 1837762 1837688 1837765 1837630 1837620 1838261 1837849 1837853 1837733 
1556772 1562013 1556782 1556741 1556773 1556781 1556800 
1421305 1421362 1421374 1421309 1421365 1421377 1421364 
1615121 1615015 1615120 
1130363 1130357 1130361 1130338 1180680 1180678 1178463 1128082 1130336 1130360 1178465 1130362 1130335 1130358 1130359 1178462 1130333 1180687 1128074 1130356 1130345 1180684 1180677 1180682 1180691 1130334 1130340 1180689 1128080 
732759 732671 732704 732755 731913 731908 732664 731941 732673 732669 732725 732720 732661 732660 732724 732708 732727 731914 732700 732693 731939 731940 732726 732699 732672 731932 732723 732754 731912 732722 731942 732721 732667 732668 732665 732666 
356377 354629 354438 354437 354442 354444 356321 
279319 278302 279959 278287 279354 279194 279347 279515 279234 278936 278982 278966 278082 278105 279315 278978 279342 278961 278273 278951 278283 279336 279151 278940 278955 278322 279357 278316 278297 279289 279949 278308 279330 278986 278970 279500 279303 279307 279179 278091 279320 278312 279326 278303 279965 278289 279355 279196 279348 279941 279246 278937 278983 278967 278087 278107 279316 278979 279146 279344 278963 278277 278952 278284 278926 278782 278326 279337 279497 278330 279152 278944 278956 278323 279358 278317 278299 279295 279951 278309 279331 279137 278971 279513 279304 279308 279181 278093 279321 278313 279327 278305 279967 278291 279356 279198 279352 279943 279247 278938 278984 278968 278089 278108 279317 278980 279148 279345 278964 278279 278953 278285 278928 278783 278327 279339 279498 278331 279156 278949 278958 278324 279359 278319 278300 279297 279957 278310 279333 279139 278973 279514 279305 279309 279183 278095 279322 278314 279328 278307 278293 279200 279353 279287 278939 278985 278969 278090 278109 279318 278981 279149 279346 278965 278281 278954 278286 278934 278793 278328 279341 279499 278779 279177 278950 278960 278325 278321 278301 279299 278311 279335 279141 278975 279306 279310 279192 278104 278315 279329 279150 278935 278794 278329 278780 
256404 339259 339077 339258 256212 256221 256384 256219 256393 339302 256398 256372 256406 
291934 291893 293280 291927 291892 291873 291921 293270 291879 291869 291936 291933 291901 291924 280524 291872 291913 291926 291899 291898 291900 291875 291930 291880 277526 291870 291932 291925 291937 293272 291895 291935 291931 291877 291882 291878 291897 291922 291891 291886 291889 291888 
365592 364205 364151 364155 365524 365538 365523 365681 365527 365526 814888 364152 365522 365582 364233 365525 365541 365580 365540 365539 
259423 259331 259432 259332 259433 
919481 918552 916361 916618 916399 918556 
811527 811487 
805881 805863 805964 806067 805857 805850 806032 805894 805798 805877 806066 805982 805809 805845 805806 806055 805961 805981 805805 805958 805808 806037 805800 805908 805965 805794 805776 805777 806038 805856 805802 805849 806127 806070 806121 884243 884407 806120 806145 
1685005 1685048 1681682 1685015 1686815 1681687 1685036 1681691 1683313 1685040 1685026 1681718 1685033 1685024 1681719 1686819 1681690 1685011 1685014 1685037 1685038 1681688 1685039 1681731 1685010 1685012 1681714 1685008 1681728 1685029 1685051 1681684 1685030 1681730 1685028 1683310 1681732 1681736 1681734 
1243165 1243061 1243075 
1614578 1614611 1614571 1614594 1614588 1614516 1614556 1614568 1614576 1614570 1614517 1614579 1615251 1615266 1615268 1615252 
2702871 2702870 2702866 2703780 2702849 2702831 2702869 2702873 2698248 2702827 2702813 2702872 2702882 2702825 2702884 2702881 2702867 2703777 2702883 2702811 2702807 2702894 2702845 2703776 2702837 2702847 2702885 2702880 2702868 2702829 2702887 
2107715 2107721 2107692 2107666 2107706 2107714 2107713 2107717 2107698 2107705 2107724 2107719 2107700 2107718 2107688 2107785 2107695 2107716 2107696 2107791 2107709 2107702 2107725 2107693 2107697 2107699 2107787 2107711 2107720 2107745 
2738805 2738711 2738683 2738693 2738691 2738779 2738709 2738934 2738675 2738881 2738793 2738789 2738910 2738858 2738773 2738856 2738807 2735223 2738713 2738762 2738852 2735170 2735148 2738854 2735227 2738886 2738719 2738764 2738931 2735166 2738685 2738677 2738796 2738809 2738800 2738771 2738785 2738783 2738798 2738883 2738802 2738695 2738712 2738715 2738684 2738694 2738692 2738780 2738710 2738676 2738882 2738795 2738791 2738885 2738781 2738707 2738703 2738697 2738699 2738880 2738774 2738857 2735225 2738714 2738763 2738853 2735172 2735150 2738855 2735229 2738721 2738765 2735168 2738686 2738678 2738797 2738851 2738801 2738772 2738786 2738784 2738799 2738884 2738803 2738696 2738717 2738782 2738708 2738705 2738698 2738701 
1568463 1568459 1568465 1568461 
26748 26566 26760 26803 26658 26565 25367 26571 26584 26662 25365 26764 25363 26548 26800 26686 26567 25225 26746 26634 26758 26655 26747 25349 26752 26654 26569 26749 26541 26546 26631 26799 26651 26537 26573 25209 25223 26630 25220 26759 26761 26750 25369 25366 25364 26549 26635 26762 26563 26564 26550 26560 25226 25350 26542 26547 26538 25210 25224 25222 26557 26562 
14636 14745 14749 14634 472458 14255 14260 14415 14742 14417 14627 472468 14421 14424 472467 14747 14397 14718 14262 472621 472701 14393 14420 14256 14628 14632 14630 472602 14629 
274539 274523 274533 274541 274550 243696 243615 274530 274529 274553 243697 274540 274542 274549 274522 274543 274551 274524 243698 274538 274519 243616 274537 274534 274536 274535 
916355 915224 915244 916363 916369 916595 916411 916584 916357 915247 916588 915252 915275 915281 916582 915265 916338 915261 916593 916586 915268 916360 915287 915271 915240 916591 916420 916365 916356 915226 915245 916364 916370 916596 916419 916585 915300 915298 915293 915296 916358 915248 916590 915253 915277 915282 916583 915266 916352 915263 916594 916587 915269 916362 915289 915272 916605 915242 916928 916949 916932 916599 916936 916912 916914 916607 916597 916603 916610 916592 916581 916366 916920 916916 916918 915233 915246 915301 915299 916924 915295 915297 915250 915259 915278 915286 915267 915264 915270 915274 916606 915243 916929 916951 916933 916600 916940 916913 916915 916608 916598 916604 916620 916922 916917 916919 916926 
1055279 1054766 1055239 1055326 1054736 1054816 1055297 1055274 1054832 1054725 1055249 1055444 1055191 1054739 1055176 1055446 1055307 1055215 1055218 1055277 1054714 1055203 1055328 1054819 1055173 1054795 1055222 1055396 1055182 1054791 1054711 1054707 1055301 1055386 1055246 1055206 1055314 1055296 1055209 1055305 1054777 1054788 1054732 1054768 1055240 1055327 1054737 1054817 1055300 1055275 1055166 1054726 1055267 1055445 1055193 1054740 1055178 1055448 1055313 1055375 1055216 1055219 1055278 1054715 1055204 1054813 1054798 1054807 1055334 1054810 1054827 1055174 1054796 1055223 1055443 1055212 1055187 1054792 1054712 1054709 1055302 1055388 1055247 1055207 1055317 1055210 1055306 1054779 1054789 1054733 1054776 1055241 1054738 1054818 1055168 1054727 1055202 1054741 1055180 1055377 1055217 1055221 1054716 1055205 1054814 1054799 1054808 1054811 1054828 1055175 1054797 1055227 1055213 1055188 1054793 1054713 1054710 1055248 1055208 1055211 1054780 1054790 1054735 1054815 1054802 1054809 1054812 1055214 
2195965 2195959 2195980 2195927 2195923 2195941 2195960 2195994 2195935 2195934 2195940 2196082 2195920 2195873 2195929 2195981 2195984 2195924 2195990 2195955 2195983 2195916 2195973 2195956 2195900 2195989 2195872 2196076 
2308421 2308410 2309631 2309623 2310036 2310070 2310097 2310048 2309637 2309633 2310093 2309347 2310035 2308411 2310047 2309348 2309632 2310043 2310113 2310105 2309624 2310098 2310071 
1697977 1698000 1695687 1695726 1697982 1695694 1697979 1697991 1698001 1695695 1697988 1698008 1695697 1697973 1698003 1697975 1697990 1695696 1697986 1695727 1695689 1698032 1697984 1698070 1697992 1695705 1698013 1698015 1697980 1697989 1697976 
280814 280771 
333909 333475 333539 332973 333065 332945 333343 333977 333972 332932 333079 333515 334052 333355 332968 333967 333893 333935 333986 333904 333053 333465 332959 333460 334150 333721 333060 333074 333045 333531 333958 333525 334173 334304 334273 334167 334792 334318 334268 334263 334157 334162 334781 334194 333914 334288 334278 334283 333477 333541 333039 333067 332949 333347 333978 333973 332935 333080 333520 334142 333450 332969 334293 333968 333900 333937 334039 333905 333055 333470 332961 333461 334151 333725 333061 333075 333047 333534 333959 333527 334180 334313 334274 334168 334793 334320 334269 334264 334158 334163 334784 334195 333915 334289 334279 334284 333512 333714 333041 333069 332952 333350 333983 333974 332937 333081 333521 334143 333451 332970 334294 333969 333901 333955 334043 333906 333057 333471 332963 333462 334154 333888 333062 333076 333048 333535 333960 333528 334181 334314 334275 334169 334815 334334 334270 334265 334159 334164 334785 334202 333916 334290 334280 334285 333513 333715 333042 333071 332953 333351 333984 333975 332939 333324 333522 334146 333456 332971 334301 333970 333902 333956 334044 333907 333058 333472 332965 333463 334155 333889 333063 333077 333049 333536 333961 333529 334192 334315 334276 334170 334816 334336 334271 334266 334160 334165 334788 334216 333917 334291 334281 334286 333514 333720 333043 333073 332956 333354 333985 333976 332940 333327 333523 334147 333457 332972 334302 333971 333903 333957 334051 333908 333059 333473 332966 333464 334156 333892 333064 333078 333051 333537 333962 333530 334193 334316 334277 334171 334829 334780 334272 334267 334161 334166 334789 334218 334292 334282 334287 332957 332941 334303 332967 
2743845 2743847 2743838 2743843 2743832 2745536 2743862 2743836 2743834 2743830 2743833 2743868 2743829 2743826 2743866 2745630 2745547 2743825 2743849 2743854 2743841 2743846 2745546 2743959 2743831 2743850 2745535 2743872 2743844 2743927 2743839 2743934 2743842 2743848 2743827 2743851 2743828 2743939 2743864 
2626100 
2114132 2114052 2114198 2114121 2114130 2114244 2114250 2114196 2114124 2114169 2114137 2114216 2114249 2114125 2114136 2114054 2114243 2114171 2114235 2114082 2114157 2114233 2114183 2114185 2114066 2114251 2114134 2114221 2114237 2114223 2113927 2114247 2114040 2114155 2114119 2114080 2113867 2113917 2114239 2114064 2114135 2113922 2114238 2114129 2114181 2114248 2114246 
2672161 2672177 2672151 2672193 2672157 2672122 2672121 2672156 2672176 2672166 2672195 2672134 2672155 2672123 2672135 2672136 2672191 2672139 2672133 2672124 2672149 2672132 2672190 2672138 2672180 2672164 2672163 2672181 2672175 2672178 2672154 2672192 2672209 2672264 2673812 2672197 2672196 2672221 2672198 2672223 2672218 2672224 2672228 2672225 2672226 2672238 
2772685 2772110 2772137 2772707 2771046 2772682 2772691 2770786 2771388 2772697 2771397 2772123 2771400 2772287 2771394 2771391 2772293 2771115 2772693 2770792 2772297 2772319 2772699 2772129 2771062 2772720 2772688 2772634 2772113 2772711 2772126 2771385 2772623 2772160 2772713 2772637 2772133 2771121 2772107 2772705 2772328 2772686 2772722 2772111 2772156 2772708 2771048 2772683 2772692 2770788 2771389 2772698 2771398 2772124 2771441 2772288 2771395 2771392 2772709 2772290 2772294 2771117 2772695 2772104 2772101 2771042 2771444 2771448 2772300 2772320 2772700 2772130 2771064 2772721 2772689 2772635 2772114 2772712 2772127 2771386 2772624 2772187 2772717 2772639 2772134 2771131 2772108 2772706 2772621 2772687 2772728 2772112 2772157 2771060 2772684 2770790 2771390 2771399 2772125 2771443 2772289 2771396 2771393 2772710 2772291 2772296 2771119 2772105 2772102 2771044 2771445 2772099 2772301 2772321 2772132 2771066 2772690 2772636 2772122 2772128 2771387 2772633 2772286 2772681 2772136 2771133 2772109 2772622 2772292 2772106 2772103 2771447 2772100 
241922 
829163 829089 828701 829086 828746 829143 829302 829268 829130 828740 828737 828669 829264 829278 829271 829127 828749 829141 828848 829110 829285 829099 828856 828729 829262 829151 829153 829139 829266 828677 829136 828688 829118 829287 828721 829121 829145 828743 828691 829293 829096 828694 828732 829159 829124 829261 829090 828702 829087 828747 829144 829305 829269 829131 828741 828738 828670 829265 829279 829280 829133 829275 829273 829128 828840 829142 828852 829111 829286 829108 829084 828730 829263 829152 829158 829140 829267 828678 829137 828689 829119 829288 828722 829122 829150 828744 828692 829301 829097 828699 828733 829162 829125 829091 828709 829088 828748 829132 828742 828739 828675 829281 829134 829277 829129 828841 828853 829117 829109 829085 828731 828687 829138 828690 829120 828728 829123 828745 828693 829098 828700 828736 829126 829135 
2753005 2753455 2753009 2754855 
1810696 1810809 1810712 1810715 1810829 1810819 1810406 1810688 1810836 1810408 1810694 1810814 1810709 1810811 1810835 1810710 1810717 1810693 1810839 1810824 1810817 1810813 1810816 1810815 1810698 1810804 1810718 1810808 1810720 1810830 
994499 994694 994480 994496 994692 994691 994652 994502 994695 994693 994497 994696 994656 994498 994487 
2161314 2161341 2161345 2161343 2161315 2161344 
2675881 
254360 253353 253379 254359 254355 254380 253378 254425 253377 253376 253349 254390 253343 251901 253372 251903 253348 253371 254383 254351 254391 253373 254379 254382 254352 254386 254427 
1217397 1211601 1211496 1211576 1211596 1217816 1217312 1217442 1211566 1211616 1211864 1211504 1211586 1217375 1217524 1217407 832330 1217370 1211561 1211591 1217785 1211837 1217454 1217303 1211581 1217402 1217805 1211478 1217387 1217382 1217328 1217333 1211515 1217392 1211873 1217398 1211571 1211510 1217338 1211484 1217412 1211464 1217512 1211472 1211606 1211611 1211602 1211499 1211577 1211597 1217817 1217313 1217443 1211567 1211618 1211865 1211505 1211587 1217378 1217525 1217517 1217408 1217321 1211455 1217371 1211562 1217459 1211592 1217786 1211840 1217455 1217304 1211582 1217403 1217808 1211479 1217388 1217383 1217329 1217334 1211557 1217393 1217292 1217399 1211572 1211511 1217339 1211487 1217413 1211467 1217513 1211473 1211607 1211612 1211603 1211500 1211578 1211598 1217901 1217316 1217448 1211568 1211832 1211868 1211506 1211588 1217379 1217526 1217518 1217409 1217324 1211456 1217372 1211563 1217460 1211593 1217789 1211841 1217456 1217305 1211583 1217404 1217809 1211480 1217389 1217384 1217330 1217335 1211558 1217394 1217293 1217400 1211573 1211512 1217340 1211488 1217414 1211468 1217514 1211474 1211608 1211613 1211604 1211501 1211579 1211599 1217903 1217317 1217449 1211569 1211833 1211869 1211507 1211589 1217380 1217527 1217521 1217410 1217325 1211459 1217373 1211564 1217461 1211594 1217790 1211844 1217457 1217306 1211584 1217405 1217812 1211481 1217390 1217385 1217331 1217336 1211559 1217395 1217296 1217401 1211574 1211513 1217341 1211491 1217415 1211469 1217515 1211475 1211609 1211614 1211605 1211502 1211580 1211600 1217904 1217320 1217452 1211570 1211836 1211872 1211508 1211590 1217381 1217783 1217522 1217411 1217326 1211460 1217374 1211565 1217462 1211595 1217804 1211845 1217458 1217308 1211585 1217406 1217813 1211482 1217391 1217386 1217332 1217337 1211560 1217396 1217302 1211575 1211514 1217358 1211492 1217416 1211470 1217516 1211476 1211610 1211615 1211503 1211509 1217523 1217327 1211463 1217511 1211483 1211495 1211471 1211477 
1950525 1950920 1950914 1949429 1949445 1950916 1949447 1950918 1950521 1949441 
274712 
798262 798259 798263 
308988 318735 308338 308309 308320 308480 308458 318736 308989 
2573240 2475486 2475320 2573247 2475484 2475519 2573345 2475406 2475446 2573244 2475412 2475511 2475494 2573242 2472218 2573211 2475507 2475432 2475510 2475518 2573338 2475498 2568315 2573344 2472091 2475408 2475496 2573296 2475396 2573246 2475491 2573248 2472085 2475314 2475501 2475526 2475528 2475312 2573241 2475517 2573243 2475513 2475488 2475326 2475485 2475407 2475448 2475413 2475495 2472252 2573261 2475509 2475512 2475433 2475499 2475474 2475467 2472217 2475450 2475455 2475409 2475497 2475398 2475493 2472090 2475318 2475503 2475313 2475483 2475470 2475452 2475466 
1146346 1146202 1146345 1146302 1146201 1146208 1146192 1146198 1146357 1142411 1146211 1146212 1146325 1146205 1146206 1146332 1146193 1146460 1146328 1146407 1146273 1146409 1146364 
1411880 1412097 1412114 1411892 1408464 1408401 1408466 1411884 1408456 1408404 1411897 
273062 
1833594 1833608 1833607 1833692 
1686459 1686343 1686339 1686352 1686329 1686244 1686372 1687826 1686365 1687860 1686203 1686341 1686373 1686333 1686982 1685248 1686444 1686407 1686335 1686320 1686191 1686368 1686370 1686993 1687830 1685160 1686361 1686231 1686356 1686359 1687852 1686366 1687800 1685105 1686445 1686375 1686337 1686357 1686345 1687822 1686324 1686312 1685153 1687853 1687857 1686344 1686340 1686331 1686310 1686207 1686342 1686367 1687827 1687834 1686334 1685262 1686336 1686323 1686196 1685244 1686243 1685152 1686338 1686347 1686327 1686319 1685155 
1412816 1412825 1412733 1412815 1412729 1412764 1412826 1412735 
1179943 1179434 1179940 1180239 1180238 1179438 1179942 1179941 
2087462 2087447 2087461 2087438 2087425 2087463 2087437 2087448 2087446 
51646 54096 51654 53948 54084 53962 54090 54085 53957 53952 53961 53950 54093 53955 53959 54089 51725 54091 54097 54092 53960 53956 51726 51653 54098 53954 54120 
1068936 
283232 283224 283219 283215 283226 283216 283237 
385101 385105 383707 385174 383697 7250 383705 385120 385100 7243 385096 385122 385097 383701 383722 385103 383728 7233 385098 385128 383709 7246 385102 383685 385123 385106 383699 385095 383724 383730 7253 383726 383712 385099 383683 383736 385104 7248 383681 7240 383703 383695 383679 385090 385088 383708 383698 7251 383706 7245 385086 385121 383702 383723 383729 7234 385119 383710 7247 383686 383700 383725 383733 7255 383727 383714 383684 385085 7249 383682 7241 383704 383696 383680 385089 385087 
867675 867654 867860 867591 867587 867664 867862 867663 867666 867649 867588 867863 867592 867676 867690 867869 867897 867652 867673 867829 867655 867868 867824 867896 867861 867691 867653 867672 867671 867667 867668 
1292459 1292451 1292463 1292457 1292402 1292468 1292455 1292400 1292431 1292418 1292471 1292360 1292469 1292365 1292465 1293473 1292467 1292470 1292454 1292367 1292452 1292399 1292461 1293478 1292458 1293472 1292387 1293471 1292364 1292403 1293444 
297852 297694 297676 297775 297883 297673 297679 297680 297861 297762 297749 297759 297675 297776 297693 297851 297665 297663 299244 297850 297747 297853 297748 297881 297766 297750 297858 297760 297666 297778 297681 297761 299257 297671 297664 299280 297859 297677 297765 297764 299245 297763 297692 297691 297687 297682 
810652 810665 810660 810642 810638 798856 798904 810634 798859 810637 810653 
169155 169548 169549 
1905096 2015709 2015725 2015730 2015713 2015734 2015727 2015714 2015722 2015711 2015700 2015716 2015738 2015710 2015726 2015717 2015715 2015728 2015735 2015724 2015737 2015740 
18423 18411 18394 18419 18393 18418 
1038172 
2773963 2773957 2773974 2774150 2773975 2773960 2774149 2774138 2774140 
2777088 2777123 2778879 2778820 2777222 2778886 2777149 2778881 2778799 2778802 2778890 2777190 2777195 2778892 2778888 2777223 2777119 2778861 2777193 2778858 2778857 2778854 2778855 
1025222 1025021 1025020 1025002 1025224 1025018 1025223 1024964 1025004 1031705 1025225 1031703 1031945 
2311605 2311611 2311614 2311606 2311612 2311744 2311645 2311608 2311617 2311746 2311615 2311670 2311708 2311607 2311620 2311613 2311752 2311745 2311639 2311646 2311609 2313966 2313959 2311748 2311716 2311756 2311742 2311706 2311710 2311642 2313968 2311618 2311747 2311616 2311736 2311665 2311714 2311671 2311725 2311648 2311750 2311651 2311758 2311709 2311723 2311719 2311700 2311703 2311637 2313961 2311732 2311734 2311727 2311740 2311754 2311753 2311738 2311730 2311640 2311760 2311647 2311610 2313967 2313960 2311762 2311749 2311718 2311757 2311743 2313948 2311707 2311711 2311643 2313969 2311619 2313953 2311737 2311666 2311715 2311699 2311726 2311649 2311751 2311652 2311759 2311724 2311722 2311701 2311704 2311638 2313962 2311733 2311735 2311729 2311741 2311755 2311739 2311731 2311641 2311712 2311761 2311774 2313952 2311644 2313955 2311667 2311650 2311664 2311702 2311705 2311713 
1262113 1262121 1262123 1262273 1262276 1262129 1262277 1262126 1262272 1262125 1262120 1262128 
2200015 2200018 2199997 2200022 2199975 2199974 2199976 2199989 2200017 
521665 521578 521650 521560 521821 521575 521585 521569 521545 521669 520830 521659 521656 521806 521581 521164 521557 521681 521551 521635 521666 521589 521673 521709 521548 520765 521644 521554 521662 521629 521641 521776 521783 521601 500627 520780 520844 521677 521566 521542 521653 521606 521632 521579 521563 521647 521693 521651 521561 521822 521576 521587 521570 521546 521671 520835 521660 521638 521771 521697 521657 521807 521582 521539 521558 521682 521552 521636 521667 521590 521674 521714 521549 520770 521645 521555 521663 521630 521642 521779 521784 521603 500628 520785 520849 521679 521567 521543 521654 521622 521633 521580 521564 521648 521695 521652 521562 521849 521577 521588 521573 521547 521672 520836 521661 521639 521772 521698 521658 521817 521583 521540 521559 521691 521553 521637 521599 521675 521715 521550 520771 521646 521556 521664 521631 521643 521780 521803 521605 500655 520786 520850 521680 521568 521544 521655 521628 521634 521565 521649 521696 520842 521640 521775 521707 521541 520772 520763 520828 521157 
1694255 1693760 1694247 1694726 1690381 1693764 1690542 1693771 1694259 1690365 1693766 1694240 1693768 1694738 1690541 1694420 1693758 1690538 1694180 1693767 1694311 1694162 1694278 1690552 1693779 1694155 1690369 1690412 1694242 1694245 1694257 1690555 1694263 1690452 1693762 1690556 1695248 1693775 1690554 1693773 1694734 1693777 1693757 1690558 1693752 1692027 
1243742 1219214 1219154 1219211 1243713 1243761 1219223 1219237 1243717 1219161 1243848 1219183 1219177 1243743 1219203 1243779 1219241 1243740 1243765 1219186 1219245 1219226 1243749 1219149 1219174 1219247 1219217 1219142 1243786 1243723 1219220 1219180 1219094 1243704 1243782 1219120 1219171 1243744 1243719 1219166 1219133 1243775 1243746 1243699 1219251 1219215 1219208 1219157 1219212 1243715 1243764 1219224 1219238 1243718 1219162 1243849 1243772 1243777 1219249 1219184 1219178 1219205 1243780 1219242 1243741 1243768 1219196 1219246 1219227 1243760 1219150 1219175 1219248 1219218 1219143 1243847 1243725 1219221 1219181 1219106 1243711 1243784 1219124 1219172 1243745 1243720 1219169 1219135 1243776 1243747 1243703 1219252 1219216 1219209 1219158 1219213 1219225 1219165 1243774 1243778 1219250 1219185 1219179 1219207 1219198 1219151 1219176 1219219 1219148 1219222 1219182 1219108 1219131 1219173 1219170 1219136 1219210 
1029087 1029053 1029084 1029107 1029071 1029104 1029068 1029050 1029088 1029089 1029065 1029072 1029105 1029054 1029082 1029066 1029109 1029090 1032650 1029052 1032627 1029067 1029055 1028859 1029056 1028871 1028856 1029106 1029110 
2150578 2150559 2150538 2152178 2150544 2150577 2150541 2150580 2150571 2152175 2150546 2150584 2152197 2150542 2150579 2152174 2152196 2150543 2150539 2150566 2152204 2150565 2150560 2152209 2150572 2150575 2150574 2150573 2152200 
511295 503404 511299 511191 511293 503307 503316 503322 503366 511220 511251 503314 511326 511197 511328 503390 503368 503400 511689 511154 503361 511287 511189 511296 511694 503357 503402 503394 511258 511291 511692 511297 503398 503892 511195 503320 503882 503364 503392 511187 511253 511289 503828 511691 503396 511300 511192 511294 503313 503318 511609 511668 503355 503367 511246 511252 503315 511327 511198 511607 503391 503369 503401 511666 511158 511199 503363 511288 511190 511670 503359 503403 503395 511284 511292 511298 503399 503894 511196 503321 503884 503365 503393 511188 511254 511290 503397 511200 
1236222 
357018 356976 356974 356612 357017 356983 356961 356837 356978 356785 357015 357010 356787 356977 357007 356980 356984 356941 356672 356831 356833 356962 356975 356972 356937 356936 357005 356987 356982 356835 357009 356985 357008 356973 356979 356986 
913001 912930 806825 884499 913007 913002 884493 913003 913005 912999 913000 912928 913012 
744329 745317 745458 744239 744279 744336 744283 744332 744278 744341 744282 
1935799 1935577 1935506 1935778 1935576 1935508 1935538 1935512 1935769 1935885 1935803 1935741 1935479 1935794 1935501 1935796 1935579 1935802 1935738 1935735 1935849 1935774 1935509 1935493 1935798 1935496 1935507 1935504 1935777 1935891 1935736 1935580 1935539 1935766 1935775 1935790 1935772 1935575 1935540 1935541 1935548 
2769394 2769365 2785239 2769393 2769389 2769392 2769391 2769364 2769361 2769396 2769366 2784818 2769390 2769363 2769359 2769362 
1243034 1243070 1243053 1243066 1242542 1243002 1243571 1243035 1243555 1243067 1243042 1243019 1243001 1243052 1243015 
65023 64646 65042 65009 
2295692 
1049911 
2291321 2291284 2291325 2291327 2291331 2291355 2291309 2291420 2291282 2291394 2291337 2291277 2291406 2294679 2291400 2291270 2291295 2291348 2291423 2291329 2291264 2291323 2291213 2291398 2291305 2291299 2291402 2291319 2291353 2291199 2291342 2291346 2291335 2291404 2291396 2291362 2291170 2291370 2291322 2294213 2291364 2291333 2291408 2291294 2291326 2291328 2291332 2291361 2291310 2291421 2291283 2291395 2291339 2291278 2291317 2291311 2291313 2291315 2291418 2291340 2291407 2294683 2291401 2291271 2291296 2291352 2294209 2291330 2291268 2291324 2291242 2291399 2291306 2291303 2291403 2291320 2291354 2291200 2291345 2291347 2291336 2291405 2291397 2291363 2291197 2291371 2294214 2291366 2291334 2291409 2291281 2291318 2291312 2291314 2291316 2291419 2291341 2291273 2291269 2291263 2291211 2291198 
2575110 
1709425 
2744921 2744929 2744712 2744721 2745834 2744923 2745914 2745836 2745855 2744962 2745909 2744930 2745868 2744737 2744873 2745894 2744963 2745916 2744759 2744733 2744927 2744959 2744935 2745859 2744735 2744925 2744928 2745905 2745838 2745899 2745857 2745840 2744764 2744924 2744768 2744762 2744739 2744964 2744766 2745861 2744715 2744933 2744714 2744722 2745903 2744872 2744835 2744842 2744837 2744934 2744738 2744761 2744734 2744736 2744765 2744834 2744763 2744740 2744767 2744719 
1046946 1025166 1025161 1047086 1046963 1046944 1046962 1046957 1047004 1046936 1046950 1047006 1046965 1046969 1046977 1046968 1046958 1046971 1046967 1046951 1047003 1025163 1025171 1046975 1046960 1046961 1025147 1046918 1025183 1046956 1046953 1046964 1025153 1046952 1025151 1046948 1025145 1025149 1046966 1046942 1046938 1046941 1046940 1025170 1025162 1046978 1046999 1046937 1046959 1046996 1047001 1025164 1025181 1025148 1046933 1025187 1025154 1025152 1025146 1025150 1046939 
2173326 2173325 2173320 2173400 2172048 2173349 2173329 2173337 2173286 2172047 2173348 2173621 2173328 2173322 2172049 2173398 2173393 2172032 2173342 2173395 2173380 2172056 2173406 2173335 2173377 2173392 2173327 2172045 2173339 2172043 2172054 2172053 2172051 2172035 2173346 2173287 2173408 2173378 2173379 2173394 2173341 2173396 2173345 2173344 2172046 2173343 2172034 2173399 2173397 2172036 
1568711 1568400 1568483 1568708 1568294 1568291 1568794 1568715 1568489 1568351 1568787 1568292 1568357 1568403 1568486 1568695 
201847 202460 201905 201251 201846 201996 201269 201827 201850 201890 201946 201208 201182 201913 201852 201887 202140 201264 201910 201997 201919 201904 202421 201912 201848 201198 201947 201902 201900 201818 201891 201926 201911 201211 201276 201213 201986 201885 201896 201820 201990 202146 201253 201210 201196 201898 201267 202139 201207 201843 201841 201834 201836 201212 201214 
2763891 2764132 2764248 2764298 2764267 2764247 2764306 2764243 2764300 2764250 2764251 2764015 2764257 2764266 2764311 2764302 2764278 2764245 2764246 2764293 2764255 2764249 
1811937 1811962 
806267 806498 806571 805552 806242 805575 806304 806501 805388 806533 805350 806306 806505 806508 805360 806279 806546 806299 806366 806495 805544 806313 806506 805385 805583 805550 806268 806509 805383 805356 805548 806525 805555 806497 806507 806502 805390 806310 806526 806550 806504 805393 806301 806548 805362 806271 805554 806251 805582 806305 805389 805355 806307 805361 806280 806300 806360 806534 805547 806532 806332 805386 806241 805551 805384 805357 805549 805556 805391 806311 805394 806302 805380 806272 806364 
244326 244338 243998 243877 244313 244322 244268 244402 244315 244324 244330 244226 244044 244328 244354 244400 244336 244332 244416 244265 244327 244343 244334 244320 244311 244201 244317 244272 243987 244284 244358 244369 244352 244339 244025 243881 244314 244323 244270 244403 244316 244325 244331 244261 244197 244329 245049 244422 245134 245138 244420 245136 244424 244439 244426 244418 244443 244666 244460 244428 244464 244356 244401 245047 244337 244333 244417 244267 244345 244335 244321 244312 244216 244318 244274 243988 244286 244360 244371 244353 244026 243909 244263 244199 245051 244423 245135 245140 244421 245137 244425 244441 244427 244419 244448 245046 244462 244432 244466 245048 244218 243992 
2063395 2063851 2063950 2063360 2063386 2063640 2063342 2063376 2063634 2063857 2063875 2063855 2063354 2063191 2063209 2063283 2063866 2063366 2063849 2063899 2063832 2063911 2063909 2063853 2063642 2063370 2063332 2063880 2063310 2063859 2063948 2063845 2063847 2063905 2063644 2063396 2063351 2063672 2063345 2063205 2063676 2063838 2063882 2063852 2063877 2063337 2063348 2063951 2063363 2063389 2063641 2063343 2063382 2063639 2063858 2063876 2063856 2063357 2063194 2063210 2063308 2063907 2063867 2063367 2063850 2063903 2063843 2063902 2063833 2063944 2063910 2063854 2063643 2063371 2063333 2063881 2063311 2063862 2063949 2063846 2063848 2063906 2063645 2063633 2063352 2063673 2063346 2063207 2063830 2063839 2063898 2063879 2063338 2063349 2063365 2063392 2063344 2063385 2063358 2063195 2063211 2063309 2063908 2063369 2063904 2063844 2063375 2063334 2063312 2063353 2063347 2063208 2063341 2063350 
2293592 2295904 2293582 2293586 2295588 2295645 2293507 2293503 2293924 2293583 2293519 2293931 2295580 2293516 2293584 2293518 2293598 2293585 2293513 2295897 2295643 2295637 2293505 2293558 2293517 2295635 2293596 2293599 2293572 2293580 2293595 2293594 2293597 2295586 2295650 2293574 2293927 2293928 
1047447 1047438 1047422 1054593 1047441 1054596 1047439 1054592 1047427 1047445 1047448 1047446 1054607 1054609 1054608 
2762878 2762880 
1573306 1573310 1573309 
355754 355891 356051 355755 356078 
894689 894694 901072 894691 894687 894662 894704 892990 894670 901069 894676 894751 901074 901076 
2338056 2335895 2335943 2338055 2335893 2338058 2338204 2338099 2335891 2335890 2335886 2335894 2338057 2335939 2335888 2335892 2335896 2335941 2338050 2338052 2335945 2338049 
2384661 2384660 2382840 2384688 2384614 2384664 2384668 2384609 2384651 2384666 2384671 2384650 2382551 2382482 2384682 2384678 2384663 2379919 2384669 2384619 2382541 2382483 2384649 2384684 2384662 2384670 2384658 2384652 2384659 2384657 2384677 
2170600 
2565615 2565618 2565617 2565732 
2346475 
2162756 2162772 2162783 2162526 2162785 2162519 2162782 2162515 2162525 2162770 2162529 2162530 2162527 2162757 2162522 2162523 2162528 2162531 2162771 2162516 2162754 2162533 2162753 2162565 
274849 274850 
338027 334602 334755 337915 338050 337867 334677 334765 338076 337940 334777 334597 335148 334672 337949 337955 334525 334760 338037 334503 334519 334589 337920 334750 338262 335066 338046 337881 334664 338292 338032 338300 338058 334583 338042 337910 338022 334512 338063 335175 337903 334609 338028 334603 334756 337916 338051 337868 334678 334766 338077 337941 337894 335057 334598 335151 334682 334745 334735 334673 334740 338068 337950 338018 334526 334761 338038 334504 334520 334592 337921 334751 338287 335067 338047 337885 334668 338295 338033 338319 338059 334584 338043 337911 338023 334514 338064 337863 337906 334610 338029 334605 334757 337917 338052 337878 334679 334770 338258 337942 337895 335058 334599 335152 334683 334746 334736 334674 334741 338069 337951 338019 334527 334762 338039 334507 334521 334593 337922 334752 338288 335143 338048 337886 334669 338296 338034 338320 338060 334585 338044 337912 338024 334516 338066 337864 337907 334657 338030 334607 334758 337918 338053 337879 334680 334772 338259 337943 337898 335061 334600 335155 334684 334747 334737 334675 334742 338074 337952 338020 334528 334763 338040 334508 334522 334594 337923 334753 338291 335144 338049 337887 334670 338299 338035 338323 338061 334586 338045 337913 338025 334517 338067 337865 337908 334658 338031 334608 334759 337919 337880 334681 334776 337948 337899 335062 334601 335156 334700 334748 334738 334676 334743 338075 337954 338021 334581 334764 338041 334511 334524 334595 337935 334754 335147 337888 334671 338036 334587 337914 338026 334518 337866 337909 334663 337902 334702 334749 334739 334744 
957991 957967 957917 957924 957940 957926 957919 957993 957965 
362964 362779 363001 362640 358024 362952 362989 362690 362804 362692 362985 363112 362891 362732 363193 362884 362999 362667 362682 362836 362878 362987 362630 362803 362735 363279 362736 364314 362672 362950 362674 362973 362948 362717 362885 362676 362645 362726 363000 362695 362722 362729 362644 362628 362691 362694 362733 363003 362826 362697 362703 362705 362701 362670 362683 362638 362673 362675 362718 362677 362653 362727 362696 362724 362730 362698 362704 362706 362702 
2330922 2331244 
2163736 2163821 2163752 2163710 2163882 2163877 2163876 2163776 2163712 2163733 2163889 2163734 2163692 2163894 2163612 2163694 2163895 2163824 2163732 2163708 2163822 2163896 2163887 2163881 2163884 2163599 2163640 2163735 2163750 2163890 
2765985 2766007 
828587 828901 828896 829075 828245 828351 828639 828881 828897 828343 828247 828915 828350 828335 828884 828900 828909 828886 828592 828902 828899 829074 828333 828251 828912 828327 828325 827224 828898 827723 828905 828890 828593 827217 827214 828888 829073 828885 828903 827141 828295 828910 828895 828880 828341 828246 828348 828250 828911 828887 828913 828340 828334 828252 828332 828326 827226 828239 827218 827216 827142 828324 828342 
830645 
804635 804638 804637 804628 804636 804639 804643 
1555886 
1313270 1313698 1313276 1313158 1313266 1313252 1313448 1313248 1313986 1313444 1312377 1313250 1313712 1312442 1313707 1313696 1313254 1313463 1312658 1314002 1313467 1313431 1313264 1313278 1313472 1312455 1313497 1313998 1313258 1313716 1313315 1313994 1313459 1313446 1313271 1313268 1313161 1312630 1312418 1313990 1313705 1313709 1313455 1313457 1313156 1313272 1313703 1313277 1313159 1313267 1313253 1313449 1313249 1313987 1313445 1312378 1313251 1313714 1312444 1313982 1313450 1313708 1313988 1313697 1313255 1313464 1312668 1314006 1313471 1313443 1313265 1313279 1313495 1312457 1313511 1313999 1313262 1313981 1313317 1313996 1313460 1313447 1313269 1313162 1312644 1312420 1313992 1313706 1313710 1313456 1313458 1313157 1313274 1312380 1312445 1313983 1313453 1313989 1312628 1312656 1312432 
1334639 1334445 1334625 1334734 1334667 1334443 1334149 1334651 1334270 1334464 1333750 1334623 1333725 1333153 1334453 1334458 1334631 1333753 1334722 1334647 1334685 1334506 1334448 1333734 1334462 1334456 1334460 1334133 1334451 1334275 1334469 1334633 1334635 1334641 1334727 1334640 1333736 1334649 1334654 1334141 1333156 1334446 1334671 1334637 1334626 1334738 1334669 1334444 1334267 1334652 1334274 1334466 1333751 1334624 1333727 1333154 1334455 1334459 1334632 1334467 1334681 1333876 1334726 1334648 1334695 1334413 1334331 1334305 1334279 1334507 1334449 1333735 1334463 1334457 1334461 1334134 1334452 1334278 1334505 1334634 1334636 1334642 1334729 1333737 1334650 1334665 1334146 1333703 1334679 1334638 1334468 1334683 1334434 1334410 1334309 1334290 
489484 490491 490567 490551 492784 489486 490550 490559 490552 
292500 280426 280438 295185 292729 292427 292486 280427 292479 292450 292507 
2786400 2786469 2104153 2786470 2104151 2104149 2104140 2104152 2104142 2104141 2104139 2104155 2786472 2786483 2786481 
1033315 1032990 1032884 1033402 1032858 1033306 1033382 1033398 1033400 1032989 1033404 1033399 1033407 1033372 1032964 1033017 1033015 1032932 1033313 1033550 1032991 1032957 1032876 1033312 1033311 1033308 1033310 1033549 
1386832 1386785 1386817 1386913 1386921 1386783 1386761 1386789 1386771 1386815 1386852 1386793 1386917 1386844 1386914 1386797 1386769 1386767 1386801 1386833 1386916 1386791 1386795 1385397 1386830 1385261 1386849 1386819 1386759 1386799 1385266 1386764 1386807 1386824 1386919 1385281 1386809 1386846 1386835 1385393 1386787 1386821 1386786 1385287 1386818 1386784 1386762 1386790 1386772 1386816 1386915 1386803 1386781 1386779 1386774 1386777 1386794 1386845 1386798 1386770 1386768 1386802 1386792 1386796 1386758 1386831 1385263 1386851 1386820 1386760 1386800 1385269 1386766 1386808 1386829 1385285 1386814 1386847 1386843 1385394 1386788 1386822 1385289 1386805 1386782 1386780 1386776 1386778 
1047903 1047911 1047905 
1353494 749915 1353500 1353567 1353525 1353581 749926 749737 1353561 1353574 1353587 1353493 1353553 749872 750149 1353501 1353509 1353554 749914 1353499 1353556 1353555 1353568 749866 1353588 1353580 749869 1353552 1353502 749868 749852 1353583 1353511 1353551 1353550 749918 1353510 749925 1353528 1353480 1353492 1353481 1353482 
246516 246524 246512 246460 246499 246542 246510 246456 246544 169846 169806 246624 246526 246517 246528 246568 246616 246506 246584 246444 246501 246497 246495 246572 246519 169852 246622 246514 246440 246588 246525 169842 246493 246600 246513 246488 246500 246543 246511 246458 246566 169850 169841 246625 246527 246541 246570 246621 246509 246637 247167 247082 246634 246641 246652 247083 246654 246627 246639 247166 246631 246671 246656 246670 246586 246454 246503 247079 246498 246496 246582 246523 169868 246623 246515 246442 246598 169844 246494 246614 246638 246636 246650 246653 246655 246629 246640 246633 246669 
23409 23423 23427 22929 22950 23381 23395 22960 23377 23413 22946 
2201280 2200889 2201238 2201305 2202968 2201216 2201281 
1297773 1297742 1297762 1298109 1298116 1297648 1297748 1297763 1297743 1297666 1297741 1297760 1297661 1297764 1297752 1297662 1298117 1297673 1297758 1297757 1297759 1297746 1297670 1297676 1297744 1297675 1297674 1297668 1297745 1297665 1297656 1298121 1297750 1298120 1297747 1297761 1297738 1297736 1297677 1297678 1297756 
810780 810786 810744 904287 904415 810733 810776 
808118 807460 808133 805320 805409 807413 807458 808147 808075 805398 808132 807281 807409 807399 808126 807290 807462 807378 808074 808989 805368 808119 808218 808076 807293 808120 805312 808088 808073 805318 807286 808078 807456 808156 807470 807407 807298 807461 808127 808067 805370 808122 805324 807280 807428 805406 807284 807412 807406 807291 807463 807380 808134 805369 807354 807358 807310 807343 807297 805317 805319 807287 807457 807408 807308 805397 807357 807363 807338 807350 
1826164 
254607 
1663646 1663622 1663717 1661731 1661682 1663630 1663624 1663618 1661678 1663719 1663928 1663634 1663614 1663626 1663629 1663610 1663623 1663653 1663638 1661631 1661620 1663895 1663709 1663632 1661626 1663716 1661680 1663633 1663930 1661676 1663636 1663637 1663929 1661635 1663611 1663619 1663615 1663625 1663628 1661633 1663635 1663927 1663627 1661629 1663639 1661734 1661683 1661679 1663631 1663889 1661632 1661621 1661627 1661681 1661677 1663897 1661636 1661634 1661630 
1764597 1764581 1764595 1764583 1764584 1764574 1764612 1764585 1764568 1764533 1764608 1764579 1764566 1764571 1764573 1764582 1764592 1764586 1764591 1764589 
478754 478631 478630 478737 478559 478670 478567 475809 478531 478708 478709 478704 478736 478674 478756 478522 478556 478673 478677 478666 478751 478752 478563 478759 475808 478557 478750 478755 478562 478758 478565 478685 478753 478678 478526 478757 478707 478599 478598 478591 478592 
2363063 2363056 2363058 
2774108 2774033 2774103 2774130 2774002 2774027 2774113 2774079 2773992 2774070 2774025 2773794 2773994 2774035 2773753 2774111 2773757 2773810 2774107 2773721 2774076 2774116 2774075 2774122 2774114 2774077 2773766 2774106 2774124 2774083 2774101 2773723 2773725 2774073 2774023 2774021 2773990 2774105 2774109 2774110 2773790 2774104 2774123 2774102 2774074 2774034 2774020 2774032 2773993 2774026 2773796 2773995 2774069 2774121 2773755 2774081 2773763 2773989 2773722 2774115 2773768 2773724 2773751 2774024 2774022 2773991 2773792 
2060061 2059156 2060067 2059123 2060063 
2719554 2722816 2722815 2719557 2719075 2719551 2719078 2719553 2719558 2719555 2719552 
2701455 
2669952 2669971 2669939 2669966 2669924 2669941 2669937 2669920 2669935 2669967 2669938 2669956 2670021 2670044 2669978 2670018 
2468250 
1055654 1055594 1055590 1055593 1055582 1055589 1055583 1055581 1055584 1055588 1055587 1055586 1055585 1055599 1055595 1055598 1055596 
1405240 1405098 1405256 1405238 1405254 
1695436 1692203 1695507 1695523 1692199 1692779 1695501 1697681 1692217 1692202 1695449 1692340 1692339 1692166 1692175 1695521 1698002 1692338 1695686 1692165 1697635 1692219 1695446 1692839 1692781 1692837 1697695 1695432 
